00000001001010100100000000100000
00100000000100000000000000000001
00100100000100010000000000000001
00100000000011001111111111111100
00100000000011010000000000000101
00000001100011010101100000100001
00000001111110000111000000100100
00110011000110010000000000000011
00010011001100010000000000010100
00010110001110010000000001001100
00001000010000000000000000110100
00001100010000000000000000110100
00000010100000000000000000001000
10010010110101010000000000000010
10010110011101110000000000000100
11000011011110100000000000001000
00111100000010000000000000000100
10001110100010110000000000000000
00010101000000000000000001010100
00000010010100001001000000100000
00100010000100000000000000000001
